Sample	FastQC_mqc-generalstats-fastqc-percent_duplicates	FastQC_mqc-generalstats-fastqc-percent_gc	FastQC_mqc-generalstats-fastqc-avg_sequence_length	FastQC_mqc-generalstats-fastqc-percent_fails	FastQC_mqc-generalstats-fastqc-total_sequences
HUM0038_S10_R1_001_kneaddata_paired_1	24.03192559	45	145.8112629	9.090909091	8575664
HUM0038_S10_R1_001_kneaddata_paired_2	24.06071066	45	145.8665801	18.18181818	8575664
HUM0041_S14_R1_001_kneaddata_paired_1	18.78209643	48	147.0862201	9.090909091	8079149
HUM0041_S14_R1_001_kneaddata_paired_2	18.63203534	48	146.9000849	18.18181818	8079149
HUM0042_S1_R1_001_kneaddata_paired_1	15.73222999	47	146.3684845	9.090909091	6917566
HUM0042_S1_R1_001_kneaddata_paired_2	15.787355	47	146.1801521	18.18181818	6917566
HUM0148_S21_R1_001_kneaddata_paired_1	27.52238765	45	145.6566324	9.090909091	10300640
HUM0148_S21_R1_001_kneaddata_paired_2	27.48421186	45	145.6177599	18.18181818	10300640
HUM0149_S28_R1_001_kneaddata_paired_1	20.41853932	44	144.7537345	9.090909091	7705193
HUM0149_S28_R1_001_kneaddata_paired_2	20.31607355	44	144.6774237	18.18181818	7705193
HUM0152_S5_R1_001_kneaddata_paired_1	31.75808141	54	145.8621989	9.090909091	6363474
HUM0152_S5_R1_001_kneaddata_paired_2	31.70570677	54	145.6925472	18.18181818	6363474
HUM0232_S2_R1_001_kneaddata_paired_1	0	0	0	0	0
HUM0232_S2_R1_001_kneaddata_paired_2	0	0	0	0	0
HUM0233_S187_R1_001_kneaddata_paired_1	23.65220571	45	147.3316588	9.090909091	5696441
HUM0233_S187_R1_001_kneaddata_paired_2	23.58848316	45	147.0312235	18.18181818	5696441
HUM0235_S45_R1_001_kneaddata_paired_1	28.59595036	43	141.1116342	9.090909091	9866361
HUM0235_S45_R1_001_kneaddata_paired_2	28.50382643	43	141.051717	18.18181818	9866361
HUM0322_S282_R1_001_kneaddata_paired_1	20.09303872	40	96.68788071	9.090909091	8348180
HUM0322_S282_R1_001_kneaddata_paired_2	20.24974806	40	96.83395327	18.18181818	8348180
HUM0324_S20_R1_001_kneaddata_paired_1	25.82714601	47	146.1287615	9.090909091	10126113
HUM0324_S20_R1_001_kneaddata_paired_2	25.76657557	47	146.1106215	18.18181818	10126113
HUM0329_S27_R1_001_kneaddata_paired_1	27.3145122	44	142.5077622	9.090909091	9059043
HUM0329_S27_R1_001_kneaddata_paired_2	27.42413429	44	142.5680717	18.18181818	9059043
HUM0439_S41_R1_001_kneaddata_paired_1	16.29291168	44	139.0310828	9.090909091	16633
HUM0439_S41_R1_001_kneaddata_paired_2	16.25082667	45	138.8515602	9.090909091	16633
HUM0442_S283_R1_001_kneaddata_paired_1	13.53122591	41	92.9614495	9.090909091	7782
HUM0442_S283_R1_001_kneaddata_paired_2	13.91673092	42	93.15484451	9.090909091	7782
HUM0444_S50_R1_001_kneaddata_paired_1	21.00639562	48	135.6902806	9.090909091	11200882
HUM0444_S50_R1_001_kneaddata_paired_2	21.12551055	48	135.9388866	18.18181818	11200882
HUM0493_S42_R1_001_kneaddata_paired_2	26.80740702	40	130.3753968	18.18181818	13803924
HUM0495_S7_R1_001_kneaddata_paired_1	21.22657696	46	144.5363438	9.090909091	9885089
HUM0495_S7_R1_001_kneaddata_paired_2	21.11536591	46	144.4856223	18.18181818	9885089
HUM0496_S6_R1_001_kneaddata_paired_1	17.06182001	45	144.1944532	9.090909091	15901
HUM0496_S6_R1_001_kneaddata_paired_2	16.72221873	45	143.3609207	9.090909091	15901
HUM0579_S34_R1_001_kneaddata_paired_1	14.66582196	52	146.811228	9.090909091	6214527
HUM0579_S34_R1_001_kneaddata_paired_2	14.43665991	52	146.3903393	18.18181818	6214527
HUM0582_S39_R1_001_kneaddata_paired_1	16.72741416	49	147.3325878	9.090909091	6016962
HUM0582_S39_R1_001_kneaddata_paired_2	16.70255473	49	147.0950742	18.18181818	6016962
HUM0583_S186_R1_001_kneaddata_paired_1	20.34641363	47	147.4894922	9.090909091	6327049
HUM0583_S186_R1_001_kneaddata_paired_2	20.21771074	47	147.2252761	18.18181818	6327049
HUM0603_S36_R1_001_kneaddata_paired_1	17.08702111	44	142.4762494	9.090909091	6031940
HUM0603_S36_R1_001_kneaddata_paired_2	17.10309549	44	142.4315278	18.18181818	6031940
HUM0604_S51_R1_001_kneaddata_paired_1	18.59424554	45	124.3214374	9.090909091	10757907
HUM0604_S51_R1_001_kneaddata_paired_2	18.56880186	45	124.4591562	18.18181818	10757907
HUM0607_S188_R1_001_kneaddata_paired_1	24.1654899	45	147.1984204	9.090909091	7847999
HUM0607_S188_R1_001_kneaddata_paired_2	23.91601067	46	146.8585279	18.18181818	7847999
HUM0738_S189_R1_001_kneaddata_paired_1	21.33358946	45	147.4565705	9.090909091	6724832
HUM0738_S189_R1_001_kneaddata_paired_2	21.15815835	45	147.2108076	18.18181818	6724832
HUM0739_S190_R1_001_kneaddata_paired_1	19.57808854	45	147.4058497	9.090909091	6971829
HUM0739_S190_R1_001_kneaddata_paired_2	19.3852337	45	147.1727247	18.18181818	6971829
HUM0741_S18_R1_001_kneaddata_paired_1	16.88409387	47	145.607863	9.090909091	148086
HUM0741_S18_R1_001_kneaddata_paired_2	16.77256262	47	145.2457491	9.090909091	148086
HUM0812_S25_R1_001_kneaddata_paired_1	14.90304051	46	147.6626423	9.090909091	156214
HUM0812_S25_R1_001_kneaddata_paired_2	14.75848212	46	146.9640237	9.090909091	156214
HUM0815_S33_R1_001_kneaddata_paired_1	0	0	0	0	0
HUM0815_S33_R1_001_kneaddata_paired_2	0	0	0	0	0
HUM0816_S37_R1_001_kneaddata_paired_1	28.23525817	45	147.2593926	9.090909091	8542132
HUM0816_S37_R1_001_kneaddata_paired_2	27.91193192	45	146.7281274	18.18181818	8542132
HUM0847_S12_R1_001_kneaddata_paired_1	18.749081	45	146.4899952	9.090909091	6395124
HUM0847_S12_R1_001_kneaddata_paired_2	18.68798419	45	146.2480828	18.18181818	6395124
HUM0851_S16_R1_001_kneaddata_paired_1	20.15126328	47	147.2762358	9.090909091	8348631
HUM0851_S16_R1_001_kneaddata_paired_2	19.91996025	47	146.9906412	18.18181818	8348631
HUM0853_S48_R1_001_kneaddata_paired_1	37.06414733	48	138.3066357	18.18181818	10331851
HUM0853_S48_R1_001_kneaddata_paired_2	37.10827025	48	138.5181925	27.27272727	10331851
HUM0894_S23_R1_001_kneaddata_paired_1	27.59797821	46	147.6435842	9.090909091	6936112
HUM0894_S23_R1_001_kneaddata_paired_2	27.33779433	46	147.2183581	18.18181818	6936112
HUM0896_S30_R1_001_kneaddata_paired_1	25.77164447	45	146.541206	9.090909091	8407445
HUM0896_S30_R1_001_kneaddata_paired_2	25.45434737	45	146.359426	18.18181818	8407445
HUM0898_S38_R1_001_kneaddata_paired_1	27.02300738	46	146.9711137	9.090909091	8721331
HUM0898_S38_R1_001_kneaddata_paired_2	26.97792673	46	146.7659384	18.18181818	8721331
HUM0929_S35_R1_001_kneaddata_paired_1	13.20858056	44	147.7595618	9.090909091	10955
HUM0929_S35_R1_001_kneaddata_paired_2	12.97124601	44	146.7857599	9.090909091	10955
HUM0931_S40_R1_001_kneaddata_paired_1	23.61110079	45	147.2542567	9.090909091	8218217
HUM0931_S40_R1_001_kneaddata_paired_2	23.4431196	45	147.0190714	18.18181818	8218217
HUM0932_S19_R1_001_kneaddata_paired_1	10.67635551	44	145.7529346	9.090909091	1789
HUM0932_S19_R1_001_kneaddata_paired_2	10.67635551	44	144.4460593	9.090909091	1789
HUM0941_S3_R1_001_kneaddata_paired_1	15.20724486	45	145.456078	9.090909091	14355
HUM0941_S3_R1_001_kneaddata_paired_2	14.97039359	45	144.4314873	9.090909091	14355
HUM0946_S8_R1_001_kneaddata_paired_1	24.79226287	45	145.8002427	9.090909091	9112117
HUM0946_S8_R1_001_kneaddata_paired_2	24.7203932	45	145.7160186	18.18181818	9112117
HUM0947_S26_R1_001_kneaddata_paired_1	0	0	0	0	0
HUM0947_S26_R1_001_kneaddata_paired_2	0	0	0	0	0
HUM0991_S11_R1_001_kneaddata_paired_1	16.34532374	46	146.8257842	9.090909091	17375
HUM0991_S11_R1_001_kneaddata_paired_2	16.18992806	46	146.0425899	9.090909091	17375
HUM0992_S15_R1_001_kneaddata_paired_1	16.31238095	48	147.1428571	9.090909091	13125
HUM0992_S15_R1_001_kneaddata_paired_2	16.09904762	48	146.5017905	9.090909091	13125
HUM0994_S9_R1_001_kneaddata_paired_1	22.61878852	46	143.0742321	9.090909091	9308415
HUM0994_S9_R1_001_kneaddata_paired_2	22.73201059	47	143.0740241	18.18181818	9308415
HUM1014_S22_R1_001_kneaddata_paired_1	20.02204448	45	146.0044553	9.090909091	7077827
HUM1014_S22_R1_001_kneaddata_paired_2	19.93787984	45	145.650326	18.18181818	7077827
HUM1017_S29_R1_001_kneaddata_paired_1	11.33570729	45	146.7214809	9.090909091	236350
HUM1017_S29_R1_001_kneaddata_paired_2	11.19929637	45	146.0749989	9.090909091	236350
HUM1019_S191_R1_001_kneaddata_paired_1	15.82501055	44	147.6407371	18.18181818	7109
HUM1019_S191_R1_001_kneaddata_paired_2	15.40301027	44	146.5303137	18.18181818	7109
HUMO546_S16_R1_001_kneaddata_paired_1	8.339951328	43	125.5515568	0	6223134
HUMO546_S16_R1_001_kneaddata_paired_2	8.340917044	43	124.6552149	0	6223134
HUMO581_S18_R1_001_kneaddata_paired_1	8.861908911	45	126.7392171	0	6868732
HUMO581_S18_R1_001_kneaddata_paired_2	9.058871736	45	126.5337396	9.090909091	6868732
HUMO587_S20_R1_001_kneaddata_paired_1	10.94231076	45	127.144354	0	7348219
HUMO587_S20_R1_001_kneaddata_paired_2	10.95488141	45	126.6394867	0	7348219
HUMO609_S56_R1_001_kneaddata_paired_1	11.74519895	43	123.8557331	0	9590557
HUMO609_S56_R1_001_kneaddata_paired_2	11.82527236	43	124.0889396	0	9590557
HUMO624_S22_R1_001_kneaddata_paired_1	13.78480449	47	127.0022992	0	8902084
HUMO624_S22_R1_001_kneaddata_paired_2	13.78919316	47	126.848349	9.090909091	8902084
HUMO668_S24_R1_001_kneaddata_paired_1	12.46498537	47	127.7119395	0	8440580
HUMO668_S24_R1_001_kneaddata_paired_2	12.62303889	47	127.7992726	9.090909091	8440580
HUMO678_S60_R1_001_kneaddata_paired_1	11.68347286	45	124.1677823	0	7937174
HUMO678_S60_R1_001_kneaddata_paired_2	11.82037991	45	123.7369117	0	7937174
HUMO681_S26_R1_001_kneaddata_paired_1	13.10566075	43	131.1081592	0	6641515
HUMO681_S26_R1_001_kneaddata_paired_2	13.29705832	43	130.7827985	0	6641515
HUMO749_S28_R1_001_kneaddata_paired_1	6.040602664	46	129.2067079	0	5840857
HUMO749_S28_R1_001_kneaddata_paired_2	6.10006838	46	128.82767	0	5840857
HUMO752_S30_R1_001_kneaddata_paired_1	9.753166415	46	130.5304156	0	7127547
HUMO752_S30_R1_001_kneaddata_paired_2	9.767491918	46	130.3352595	0	7127547
HUMO756_S58_R1_001_kneaddata_paired_1	8.448720933	43	127.7213027	0	7257827
HUMO756_S58_R1_001_kneaddata_paired_2	8.58238177	43	124.7647642	9.090909091	7257827
HUMO767_S32_R1_001_kneaddata_paired_1	9.651036626	44	131.3974604	0	6496629
HUMO767_S32_R1_001_kneaddata_paired_2	9.565175003	45	131.0321371	9.090909091	6496629
HUMO775_S34_R1_001_kneaddata_paired_1	7.631366839	45	129.1003257	0	8359788
HUMO775_S34_R1_001_kneaddata_paired_2	7.606224879	45	128.6515928	9.090909091	8359788
HUMO825_S36_R1_001_kneaddata_paired_1	10.15054345	44	131.9016874	0	7516205
HUMO825_S36_R1_001_kneaddata_paired_2	10.05696707	44	131.2099481	0	7516205
HUMO829_S38_R1_001_kneaddata_paired_1	9.230119393	42	132.5897844	0	6055901
HUMO829_S38_R1_001_kneaddata_paired_2	9.229887325	42	132.4676642	9.090909091	6055901
HUMO830_S62_R1_001_kneaddata_paired_1	7.906191123	45	128.8289284	0	7780566
HUMO830_S62_R1_001_kneaddata_paired_2	8.040550502	45	128.3800806	9.090909091	7780566
HUMO844_S40_R1_001_kneaddata_paired_1	16.23151386	44	130.8337637	0	6233231
HUMO844_S40_R1_001_kneaddata_paired_2	16.32904266	44	130.8424536	0	6233231
HUMO846_S54_R1_001_kneaddata_paired_1	9.654069898	45	124.5094859	0	9496192
HUMO846_S54_R1_001_kneaddata_paired_2	9.790626886	45	124.2534793	0	9496192
HUMO848_S42_R1_001_kneaddata_paired_1	12.35743576	44	132.9258359	9.090909091	5742251
HUMO848_S42_R1_001_kneaddata_paired_2	12.57643104	44	132.1765541	9.090909091	5742251
HUMO854_S44_R1_001_kneaddata_paired_1	16.53906897	47	123.2323432	9.090909091	9470018
HUMO854_S44_R1_001_kneaddata_paired_2	16.62164543	47	123.2882892	9.090909091	9470018
HUMO865_S46_R1_001_kneaddata_paired_1	8.837624641	47	128.0055946	0	7601635
HUMO865_S46_R1_001_kneaddata_paired_2	8.802893597	47	127.8115961	0	7601635
HUMO887_S48_R1_001_kneaddata_paired_1	14.98064388	45	130.4177374	0	8524136
HUMO887_S48_R1_001_kneaddata_paired_2	15.05957872	45	129.945625	0	8524136
HUMO899_S52_R1_001_kneaddata_paired_1	8.887613872	45	124.7361239	0	6277022
HUMO899_S52_R1_001_kneaddata_paired_2	8.739895493	45	123.7171009	0	6277022
HUMO902_S50_R1_001_kneaddata_paired_1	13.66291866	44	126.2956921	0	8077312
HUMO902_S50_R1_001_kneaddata_paired_2	13.87674818	44	126.3511084	0	8077312
LMR0004_S4_R1_001_host_removed_R1	16.90756186	44	143.1907119	18.18181818	5818684
LMR0004_S4_R1_001_host_removed_R2	16.79845897	44	143.0485801	27.27272727	5818684
LMR0006_S281_R1_001_host_removed_R1	3.241130654	37	113.9183133	18.18181818	247727
LMR0006_S281_R1_001_host_removed_R2	3.278965921	37	114.2567988	27.27272727	247727
LMR0007_S17_R1_001_host_removed_R1	17.16566171	46	146.2663543	9.090909091	9055879
LMR0007_S17_R1_001_host_removed_R2	17.21460338	46	146.1788875	18.18181818	9055879
LMR0008_S47_R1_001_host_removed_R1	46.77952932	35	142.3337116	18.18181818	11907696
LMR0008_S47_R1_001_host_removed_R2	46.94263438	35	142.3057466	27.27272727	11907696
LMR0009_S31_R1_001_host_removed_R1	56.29598452	35	146.778129	18.18181818	8972895
LMR0009_S31_R1_001_host_removed_R2	56.16328354	35	146.7242492	27.27272727	8972895
LMR0011_S49_R1_001_host_removed_R1	22.50966866	40	139.2113778	18.18181818	9867879
LMR0011_S49_R1_001_host_removed_R2	22.6556901	40	139.4859838	27.27272727	9867879
LMR0012_S52_R1_001_host_removed_R1	60.92508607	32	143.9454684	18.18181818	8458142
LMR0012_S52_R1_001_host_removed_R2	60.82881277	32	143.7756727	27.27272727	8458142
LMR0017_S44_R1_001_host_removed_R1	19.7473575	44	142.3040526	9.090909091	10157853
LMR0017_S44_R1_001_host_removed_R2	19.99147339	44	142.622491	18.18181818	10157853
LMR0021_S13_R1_001_host_removed_R1	26.35819046	44	147.0655921	9.090909091	8767860
LMR0021_S13_R1_001_host_removed_R2	26.01752697	44	146.5946345	18.18181818	8767860
LMR0022_S46_R1_001_host_removed_R1	23.65308775	38	142.9655079	18.18181818	8907258
LMR0022_S46_R1_001_host_removed_R2	23.58189472	38	142.979589	27.27272727	8907258
LMR0023_S24_R1_001_host_removed_R1	17.31941687	47	147.056331	9.090909091	7248626
LMR0023_S24_R1_001_host_removed_R2	17.19257478	47	146.8407428	18.18181818	7248626
LMR0024_S32_R1_001_host_removed_R1	19.15073042	46	146.225027	9.090909091	9632197
LMR0024_S32_R1_001_host_removed_R2	19.1259842	46	146.3696309	18.18181818	9632197
